# This file represents the bus stops to be proccessed in the program
# The format of bus stops is like this: (future atributes will be added separated by :)
# name:timeDeltaToArrive:passengerArrivalRatesPerHour:leavingPassengersRate
# name: string
# timeDeltaToArrive: int (time in minutes)
# passengerArrivalRatesPerHour: (hour, rate)[]
# leavingPassengersRate: float 0-1
# for user documentation, lines tarting with # can be used, thay will be ignored by the parser
               
Lesná, Haškova:0:[(5, 60), (6, 90), (7, 90), (8, 70), (9, 60), (10, 60), (11, 60), (12, 60), (13, 60), (14, 60), (15, 90), (16, 90), (17, 90), (18, 60), (19, 60), (20, 50), (21, 40), (22, 30)]:0
Brechtova:1:[(5, 60), (6, 90), (7, 90), (8, 70), (9, 60), (10, 60), (11, 60), (12, 60), (13, 60), (14, 60), (15, 90), (16, 90), (17, 90), (18, 60), (19, 60), (20, 50), (21, 40), (22, 30)]:0.1
Blažkova:2:[(5, 60), (6, 90), (7, 90), (8, 70), (9, 60), (10, 60), (11, 60), (12, 60), (13, 60), (14, 60), (15, 90), (16, 90), (17, 90), (18, 60), (19, 60), (20, 50), (21, 40), (22, 30)]:0.1
Arbesova:3:[(5, 60), (6, 90), (7, 90), (8, 70), (9, 60), (10, 60), (11, 60), (12, 60), (13, 60), (14, 60), (15, 90), (16, 90), (17, 90), (18, 60), (19, 60), (20, 50), (21, 40), (22, 30)]:0.1
Heleny Malířové:4:[(5, 60), (6, 90), (7, 90), (8, 70), (9, 60), (10, 60), (11, 60), (12, 60), (13, 60), (14, 60), (15, 90), (16, 90), (17, 90), (18, 60), (19, 60), (20, 50), (21, 40), (22, 30)]:0.1
Lesná, nádraží:5:[(5, 60), (6, 90), (7, 90), (8, 70), (9, 60), (10, 60), (11, 60), (12, 60), (13, 60), (14, 60), (15, 90), (16, 90), (17, 90), (18, 60), (19, 60), (20, 50), (21, 40), (22, 30)]:0.2
Štefánikova čtvrť:6:[(5, 60), (6, 90), (7, 90), (8, 70), (9, 60), (10, 60), (11, 60), (12, 60), (13, 60), (14, 60), (15, 90), (16, 90), (17, 90), (18, 60), (19, 60), (20, 50), (21, 40), (22, 30)]:0.7
Provozníkova:7:[(5, 60), (6, 90), (7, 90), (8, 70), (9, 60), (10, 60), (11, 60), (12, 60), (13, 60), (14, 60), (15, 90), (16, 90), (17, 90), (18, 60), (19, 60), (20, 50), (21, 40), (22, 30)]:0.3
Lesnická:9:[(5, 60), (6, 90), (7, 90), (8, 70), (9, 60), (10, 60), (11, 60), (12, 60), (13, 60), (14, 60), (15, 90), (16, 90), (17, 90), (18, 60), (19, 60), (20, 50), (21, 40), (22, 30)]:0.2
Zemědělská:10:[(5, 60), (6, 90), (7, 90), (8, 70), (9, 60), (10, 60), (11, 60), (12, 60), (13, 60), (14, 60), (15, 90), (16, 90), (17, 90), (18, 60), (19, 60), (20, 50), (21, 40), (22, 30)]:0.7
Černá Pole, Erbenova:11:[]:1
