Židenice, Stará osada:0:[(5,33),(6,69),(7,45),(8,92),(9,49),(10,97),(11,42),(12,99),(13,45),(14,67),(15,36),(16,38),(17,97),(18,44),(19,81),(20,44),(21,54),(22,36)]:0
Gajdošova:2:[(5,84),(6,95),(7,85),(8,86),(9,64),(10,88),(11,34),(12,65),(13,42),(14,73),(15,95),(16,77),(17,89),(18,49),(19,60),(20,58),(21,64),(22,33)]:0.23
Otakara Ševčíka:3:[(5,38),(6,94),(7,64),(8,78),(9,79),(10,40),(11,46),(12,93),(13,33),(14,90),(15,80),(16,100),(17,87),(18,64),(19,61),(20,67),(21,55),(22,79)]:0.69
Škroupova:4:[(5,86),(6,88),(7,96),(8,40),(9,38),(10,88),(11,31),(12,54),(13,78),(14,58),(15,89),(16,60),(17,97),(18,46),(19,35),(20,36),(21,48),(22,50)]:0.07
Tržní:6:[(5,100),(6,91),(7,85),(8,38),(9,71),(10,79),(11,65),(12,97),(13,82),(14,38),(15,38),(16,97),(17,46),(18,94),(19,34),(20,73),(21,44),(22,91)]:0.3
Hladíkova:8:[(5,97),(6,47),(7,39),(8,30),(9,58),(10,41),(11,87),(12,36),(13,47),(14,45),(15,40),(16,90),(17,67),(18,47),(19,62),(20,68),(21,62),(22,37)]:0.36
Autobusové nádraží:10:[(5,95),(6,67),(7,71),(8,38),(9,77),(10,66),(11,42),(12,96),(13,54),(14,61),(15,100),(16,46),(17,54),(18,36),(19,35),(20,85),(21,88),(22,72)]:0.32
Opuštěná:12:[(5,98),(6,31),(7,85),(8,62),(9,49),(10,87),(11,41),(12,49),(13,57),(14,41),(15,47),(16,62),(17,61),(18,30),(19,46),(20,82),(21,83),(22,47)]:0.62
Křídlovická:15:[(5,65),(6,57),(7,33),(8,38),(9,49),(10,70),(11,39),(12,82),(13,32),(14,64),(15,94),(16,50),(17,59),(18,60),(19,72),(20,37),(21,92),(22,58)]:0.59
Poříčí:16:[(5,59),(6,75),(7,83),(8,47),(9,41),(10,70),(11,74),(12,98),(13,39),(14,93),(15,83),(16,99),(17,30),(18,40),(19,92),(20,52),(21,35),(22,54)]:0.65
Mendlovo náměstí:20:[(5,61),(6,54),(7,62),(8,76),(9,56),(10,37),(11,91),(12,38),(13,96),(14,93),(15,100),(16,94),(17,86),(18,75),(19,38),(20,35),(21,73),(22,92)]:0.38
Křížkovského:21:[(5,49),(6,62),(7,99),(8,83),(9,75),(10,81),(11,74),(12,73),(13,51),(14,50),(15,99),(16,42),(17,49),(18,48),(19,60),(20,70),(21,66),(22,63)]:0.63
Výstaviště:22:[(5,77),(6,62),(7,52),(8,81),(9,79),(10,100),(11,79),(12,72),(13,46),(14,93),(15,85),(16,86),(17,90),(18,93),(19,39),(20,80),(21,62),(22,76)]:0.2
Riviéra:24:[(5,91),(6,58),(7,66),(8,53),(9,52),(10,80),(11,52),(12,58),(13,91),(14,92),(15,59),(16,58),(17,74),(18,64),(19,70),(20,38),(21,40),(22,39)]:0.24
Pisárky:26:[(5,65),(6,100),(7,77),(8,35),(9,31),(10,100),(11,55),(12,89),(13,89),(14,68),(15,65),(16,97),(17,45),(18,34),(19,41),(20,91),(21,68),(22,57)]:0.65
Anthropos:28:[(5,77),(6,90),(7,98),(8,81),(9,40),(10,67),(11,30),(12,93),(13,64),(14,60),(15,87),(16,55),(17,49),(18,41),(19,61),(20,68),(21,51),(22,35)]:0.24
Pod Jurankou:29:[(5,85),(6,71),(7,77),(8,53),(9,85),(10,61),(11,94),(12,36),(13,68),(14,46),(15,71),(16,34),(17,40),(18,52),(19,34),(20,59),(21,84),(22,35)]:0.4
Veslařská:30:[(5,34),(6,69),(7,79),(8,49),(9,69),(10,86),(11,100),(12,72),(13,73),(14,69),(15,83),(16,68),(17,45),(18,49),(19,37),(20,93),(21,39),(22,71)]:0.67
Jundrov, hřiště:31:[(5,85),(6,84),(7,66),(8,82),(9,87),(10,65),(11,36),(12,78),(13,81),(14,97),(15,87),(16,71),(17,58),(18,72),(19,93),(20,42),(21,47),(22,96)]:0.08
Jundrovský most:32:[(5,31),(6,37),(7,87),(8,38),(9,61),(10,72),(11,92),(12,62),(13,36),(14,67),(15,66),(16,71),(17,78),(18,41),(19,40),(20,41),(21,43),(22,85)]:0.46
Vozovna Komín:34:[(5,96),(6,35),(7,65),(8,94),(9,73),(10,76),(11,47),(12,80),(13,90),(14,37),(15,52),(16,30),(17,33),(18,72),(19,61),(20,51),(21,50),(22,59)]:0.64
Hlavní:35:[(5,99),(6,37),(7,62),(8,54),(9,64),(10,47),(11,77),(12,92),(13,38),(14,75),(15,80),(16,64),(17,45),(18,58),(19,56),(20,32),(21,37),(22,49)]:0.61
Štursova:36:[(5,77),(6,59),(7,78),(8,68),(9,100),(10,40),(11,58),(12,53),(13,78),(14,94),(15,61),(16,33),(17,100),(18,44),(19,35),(20,94),(21,75),(22,32)]:0.39
Rosického náměstí:37:[(5,44),(6,83),(7,40),(8,90),(9,95),(10,69),(11,38),(12,67),(13,92),(14,98),(15,56),(16,97),(17,30),(18,81),(19,93),(20,92),(21,59),(22,52)]:0.49
Přívrat:39:[(5,35),(6,66),(7,35),(8,46),(9,40),(10,44),(11,33),(12,75),(13,30),(14,43),(15,77),(16,65),(17,55),(18,78),(19,55),(20,58),(21,97),(22,47)]:0.37
Záhřebská:40:[(5,42),(6,100),(7,33),(8,67),(9,83),(10,100),(11,100),(12,78),(13,98),(14,53),(15,39),(16,87),(17,96),(18,48),(19,95),(20,45),(21,86),(22,83)]:0.15
Skácelova:42:[(5,90),(6,36),(7,76),(8,63),(9,51),(10,39),(11,40),(12,35),(13,75),(14,43),(15,43),(16,50),(17,59),(18,33),(19,46),(20,33),(21,94),(22,99)]:0.67
Slovanské náměstí:43:[(5,93),(6,81),(7,69),(8,35),(9,32),(10,95),(11,60),(12,81),(13,87),(14,53),(15,42),(16,97),(17,57),(18,31),(19,55),(20,89),(21,94),(22,91)]:0.36
Husitská:44:[(5,57),(6,58),(7,98),(8,30),(9,72),(10,90),(11,78),(12,78),(13,100),(14,66),(15,49),(16,73),(17,31),(18,48),(19,34),(20,69),(21,94),(22,70)]:0.32
Semilasso:46:[(5,48),(6,72),(7,36),(8,55),(9,70),(10,77),(11,36),(12,34),(13,55),(14,73),(15,53),(16,71),(17,70),(18,86),(19,50),(20,87),(21,93),(22,43)]:0.43
Královo Pole, nádraží:47:[(5,74),(6,62),(7,35),(8,43),(9,32),(10,66),(11,39),(12,71),(13,94),(14,37),(15,66),(16,65),(17,80),(18,94),(19,59),(20,32),(21,37),(22,89)]:0.55
Mojmírovo náměstí:48:[(5,41),(6,32),(7,58),(8,50),(9,49),(10,40),(11,91),(12,98),(13,38),(14,69),(15,89),(16,68),(17,53),(18,90),(19,77),(20,35),(21,51),(22,37)]:0.24
Kociánka:49:[(5,47),(6,46),(7,34),(8,48),(9,74),(10,67),(11,73),(12,97),(13,36),(14,72),(15,63),(16,48),(17,32),(18,68),(19,50),(20,38),(21,78),(22,70)]:0.51
Královopolská strojírna:50:[(5,98),(6,77),(7,55),(8,45),(9,61),(10,81),(11,58),(12,99),(13,94),(14,45),(15,93),(16,51),(17,60),(18,45),(19,86),(20,63),(21,89),(22,70)]:0.06
Divišova čtvrť:51:[(5,37),(6,69),(7,36),(8,99),(9,60),(10,76),(11,47),(12,34),(13,95),(14,59),(15,70),(16,73),(17,97),(18,80),(19,81),(20,67),(21,58),(22,84)]:0.14
U Tunýlku:52:[(5,74),(6,94),(7,39),(8,34),(9,80),(10,67),(11,81),(12,95),(13,72),(14,81),(15,68),(16,67),(17,82),(18,72),(19,76),(20,48),(21,77),(22,82)]:0.59
Halasovo náměstí:54:[(5,55),(6,32),(7,36),(8,90),(9,61),(10,35),(11,57),(12,84),(13,89),(14,95),(15,38),(16,49),(17,40),(18,41),(19,78),(20,80),(21,95),(22,70)]:0.61
Poliklinika Lesná:55:[(5,93),(6,53),(7,51),(8,35),(9,100),(10,75),(11,99),(12,72),(13,88),(14,96),(15,100),(16,34),(17,95),(18,87),(19,37),(20,85),(21,93),(22,30)]:0.49
Lesná, nádraží:56:[(5,76),(6,83),(7,82),(8,61),(9,70),(10,99),(11,75),(12,51),(13,51),(14,43),(15,72),(16,86),(17,97),(18,85),(19,70),(20,34),(21,92),(22,78)]:0.56
Štefánikova čtvrť:57:[(5,100),(6,56),(7,33),(8,95),(9,33),(10,77),(11,100),(12,53),(13,31),(14,35),(15,58),(16,55),(17,47),(18,76),(19,97),(20,98),(21,73),(22,87)]:0.52
Merhautova:59:[(5,49),(6,68),(7,49),(8,72),(9,47),(10,95),(11,51),(12,61),(13,48),(14,46),(15,43),(16,89),(17,95),(18,34),(19,88),(20,44),(21,57),(22,99)]:0.56
Tomkovo náměstí:61:[(5,77),(6,35),(7,97),(8,60),(9,31),(10,79),(11,81),(12,61),(13,68),(14,81),(15,96),(16,44),(17,86),(18,69),(19,48),(20,88),(21,72),(22,100)]:0.58
Židenice, kasárna:63:[(5,62),(6,81),(7,54),(8,50),(9,48),(10,45),(11,84),(12,100),(13,95),(14,64),(15,97),(16,62),(17,47),(18,79),(19,83),(20,100),(21,36),(22,43)]:0.31
Židenice, Stará osada:65:[]:1