# This file represents the bus stops to be proccessed in the program
# The format of bus stops is like this: (future atributes will be added separated by :)
# name:timeDeltaToArrive:passengerArrivalRatesPerHour:leavingPassengersRate
# name: string
# timeDeltaToArrive: int (time in minutes)
# passengerArrivalRatesPerHour: (hour, rate)[]
# leavingPassengersRate: float 0-1
# for user documentation, lines tarting with # can be used, thay will be ignored by the parser
               
Lesná, Haškova:0:[(5, 80), (6, 80), (7, 80), (8, 80), (9, 80), (10, 80), (11, 80), (12, 80), (13, 80), (14, 80), (15, 80), (16, 80), (17, 80), (18, 80), (19, 80), (20, 80), (21, 80), (22, 80)]:0
Brechtova:1:[(5, 80), (6, 80), (7, 80), (8, 80), (9, 80), (10, 80), (11, 80), (12, 80), (13, 80), (14, 80), (15, 80), (16, 80), (17, 80), (18, 80), (19, 80), (20, 80), (21, 80), (22, 80)]:0.1
Blažkova:2:[(5, 80), (6, 80), (7, 80), (8, 80), (9, 80), (10, 80), (11, 80), (12, 80), (13, 80), (14, 80), (15, 80), (16, 80), (17, 80), (18, 80), (19, 80), (20, 80), (21, 80), (22, 80)]:0.1
Arbesova:3:[(5, 80), (6, 80), (7, 80), (8, 80), (9, 80), (10, 80), (11, 80), (12, 80), (13, 80), (14, 80), (15, 80), (16, 80), (17, 80), (18, 80), (19, 80), (20, 80), (21, 80), (22, 80)]:0.1
Heleny Malířové:4:[(5, 80), (6, 80), (7, 80), (8, 80), (9, 80), (10, 80), (11, 80), (12, 80), (13, 80), (14, 80), (15, 80), (16, 80), (17, 80), (18, 80), (19, 80), (20, 80), (21, 80), (22, 80)]:0.1
Lesná, nádraží:5:[(5, 80), (6, 80), (7, 80), (8, 80), (9, 80), (10, 80), (11, 80), (12, 80), (13, 80), (14, 80), (15, 80), (16, 80), (17, 80), (18, 80), (19, 80), (20, 80), (21, 80), (22, 80)]:0.2
Štefánikova čtvrť:6:[(5, 80), (6, 80), (7, 80), (8, 80), (9, 80), (10, 80), (11, 80), (12, 80), (13, 80), (14, 80), (15, 80), (16, 80), (17, 80), (18, 80), (19, 80), (20, 80), (21, 80), (22, 80)]:0.7
Provozníkova:7:[(5, 80), (6, 80), (7, 80), (8, 80), (9, 80), (10, 80), (11, 80), (12, 80), (13, 80), (14, 80), (15, 80), (16, 80), (17, 80), (18, 80), (19, 80), (20, 80), (21, 80), (22, 80)]:0.3
Lesnická:9:[(5, 80), (6, 80), (7, 80), (8, 80), (9, 80), (10, 80), (11, 80), (12, 80), (13, 80), (14, 80), (15, 80), (16, 80), (17, 80), (18, 80), (19, 80), (20, 80), (21, 80), (22, 80)]:0.2
Zemědělská:10:[(5, 80), (6, 80), (7, 80), (8, 80), (9, 80), (10, 80), (11, 80), (12, 80), (13, 80), (14, 80), (15, 80), (16, 80), (17, 80), (18, 80), (19, 80), (20, 80), (21, 80), (22, 80)]:0.7
Černá Pole, Erbenova:11:[]:1
