# Formát súbou:
# názov zastávky:čas príchodu:primerný počet prichádzajúcich cestujúcich za hodinu:pomer vystupujúcich cestujúcich
# názov zastávky: text
# čas príchodu: celé číslo (minúty)
# primerný počet prichádzajúcich cestujúcich za hodinu: (hodina, počet)[] (celé čísla)
# pomer vystupujúcich cestujúcich: desatiné číslo od 0 do 1
# riadky začínajúce mriežkou sú ignorované
               
Lesná, Haškova:0:[(5, 60), (6, 90), (7, 90), (8, 70), (9, 60), (10, 60), (11, 60), (12, 60), (13, 60), (14, 60), (15, 90), (16, 90), (17, 90), (18, 60), (19, 60), (20, 50), (21, 40), (22, 30)]:0
Brechtova:1:[(5, 60), (6, 90), (7, 90), (8, 70), (9, 60), (10, 60), (11, 60), (12, 60), (13, 60), (14, 60), (15, 90), (16, 90), (17, 90), (18, 60), (19, 60), (20, 50), (21, 40), (22, 30)]:0.1
Blažkova:2:[(5, 60), (6, 90), (7, 90), (8, 70), (9, 60), (10, 60), (11, 60), (12, 60), (13, 60), (14, 60), (15, 90), (16, 90), (17, 90), (18, 60), (19, 60), (20, 50), (21, 40), (22, 30)]:0.1
Arbesova:3:[(5, 60), (6, 90), (7, 90), (8, 70), (9, 60), (10, 60), (11, 60), (12, 60), (13, 60), (14, 60), (15, 90), (16, 90), (17, 90), (18, 60), (19, 60), (20, 50), (21, 40), (22, 30)]:0.1
Heleny Malířové:4:[(5, 60), (6, 90), (7, 90), (8, 70), (9, 60), (10, 60), (11, 60), (12, 60), (13, 60), (14, 60), (15, 90), (16, 90), (17, 90), (18, 60), (19, 60), (20, 50), (21, 40), (22, 30)]:0.1
Lesná, nádraží:5:[(5, 60), (6, 90), (7, 90), (8, 70), (9, 60), (10, 60), (11, 60), (12, 60), (13, 60), (14, 60), (15, 90), (16, 90), (17, 90), (18, 60), (19, 60), (20, 50), (21, 40), (22, 30)]:0.2
Štefánikova čtvrť:6:[(5, 60), (6, 90), (7, 90), (8, 70), (9, 60), (10, 60), (11, 60), (12, 60), (13, 60), (14, 60), (15, 90), (16, 90), (17, 90), (18, 60), (19, 60), (20, 50), (21, 40), (22, 30)]:0.7
Provozníkova:7:[(5, 60), (6, 90), (7, 90), (8, 70), (9, 60), (10, 60), (11, 60), (12, 60), (13, 60), (14, 60), (15, 90), (16, 90), (17, 90), (18, 60), (19, 60), (20, 50), (21, 40), (22, 30)]:0.3
Lesnická:9:[(5, 60), (6, 90), (7, 90), (8, 70), (9, 60), (10, 60), (11, 60), (12, 60), (13, 60), (14, 60), (15, 90), (16, 90), (17, 90), (18, 60), (19, 60), (20, 50), (21, 40), (22, 30)]:0.2
Zemědělská:10:[(5, 60), (6, 90), (7, 90), (8, 70), (9, 60), (10, 60), (11, 60), (12, 60), (13, 60), (14, 60), (15, 90), (16, 90), (17, 90), (18, 60), (19, 60), (20, 50), (21, 40), (22, 30)]:0.7
Černá Pole, Erbenova:11:[]:1
